,Time,T1,T2,t1,t2,q1,q2,x,y,x_dot,y_dot,Fx,Fy,Fx_Mea,Fy_Mea
0,0.0,-2.0,-2.0,0.18925518925518858,-0.006105006105006083,0.544,0.309,0.3709629001935858,0.16231697621506733,-0.036537264207940644,0.025374027117474964,-2.689168504355388,9.60608809662809,-0.07606612890958786,-0.28154510259628296
1,0.01823711395263672,-2.0,-2.0,-0.01831501831501825,-0.006105006105006083,0.553,0.309,0.37307482935976755,0.1610264961303028,0.005508606283478613,0.0067261267187845135,-2.629133608201369,9.586923442009672,-9.359025955200195,-3.9456019401550293
2,0.03513908386230469,-2.0,-2.0,-2.0085470085470085,-2.057387057387057,0.575,0.336,0.37613402383298933,0.15164666341170485,0.20212660890759065,-0.6975439553042325,-2.4023745809103496,9.665937352570282,-19.86083221435547,-1.2760677337646484
3,0.051603078842163086,-2.0,-2.0,-2.13064713064713,-2.2161172161172153,0.586,0.353,0.37728557550937447,0.14614740338001936,0.016622457821104338,-0.09651784948050426,-2.2772173724510765,9.71993320744722,-12.543577194213867,-2.178013801574707
4,0.0596919059753418,-2.0,-2.0,-1.9230769230769234,-1.898656898656899,0.58,0.336,0.37728603901275287,0.15089600897270133,0.012005799666863076,0.3014629483186938,-2.3693598630394184,9.65440720355975,-8.282474517822266,-4.0817389488220215
5,0.08243703842163086,-2.0,-2.0,-1.8742368742368747,-1.67887667887668,0.579,0.331,0.37744875868197947,0.15218048221635827,0.010291670062916779,0.1800625670780595,-2.3912129647001406,9.633371349920202,-11.964344024658203,-1.7062833309173584
6,0.1003720760345459,-2.0,-2.0,-1.9963369963369964,-2.106227106227106,0.579,0.339,0.37681752355911835,0.15036721925724053,-0.013838471167526014,-0.048884654805774704,-2.366762366433738,9.670772446825852,-11.172592163085938,-2.1531100273132324
7,0.11826896667480469,-2.0,-2.0,-2.0085470085470085,-1.9963369963369964,0.579,0.339,0.37681752355911835,0.15036721925724053,-0.0018044066310868865,0.00452181028270942,-2.366762366433738,9.670772446825852,-11.655145645141602,-1.6156213283538818
8,0.1348121166229248,-2.0,-2.0,-2.0085470085470085,-1.9841269841269842,0.579,0.339,0.37681752355911835,0.15036721925724053,0.0037198610554068333,0.0009103747609312265,-2.366762366433738,9.670772446825852,-12.115194320678711,-1.6800856590270996
9,0.1428360939025879,-2.0,-2.0,-1.9963369963369964,-1.9841269841269842,0.579,0.339,0.37681752355911835,0.15036721925724053,0.009474306562171124,-0.002851537240921058,-2.366762366433738,9.670772446825852,-11.303390502929688,-1.9299323558807373
10,0.1583850383758545,-2.0,-2.0,-1.9963369963369964,-1.9963369963369964,0.579,0.339,0.37681752355911835,0.15036721925724053,0.0018044066310868865,-0.00452181028270942,-2.366762366433738,9.670772446825852,-11.606189727783203,-1.819256067276001
11,0.1820080280303955,-2.0,-2.0,-2.0085470085470085,-2.0085470085470085,0.579,0.339,0.37681752355911835,0.15036721925724053,-0.0018044066310868865,0.00452181028270942,-2.366762366433738,9.670772446825852,-11.991456031799316,-1.6988282203674316
12,0.19987106323242188,-2.0,-2.0,-1.9963369963369964,-1.9963369963369964,0.579,0.339,0.37681752355911835,0.15036721925724053,0.00019085839424639152,0.010180336369835093,-2.366762366433738,9.670772446825852,-11.35505485534668,-1.9295411109924316
13,0.21784400939941406,-2.0,-2.0,-1.9841269841269842,-1.9963369963369964,0.579,0.339,0.37681752355911835,0.15036721925724053,0.0037198610554068333,0.0009103747609312265,-2.366762366433738,9.670772446825852,-11.585939407348633,-1.6863338947296143
14,0.23340296745300293,-2.0,-2.0,-2.0085470085470085,-1.971916971916972,0.579,0.339,0.37681752355911835,0.15036721925724053,0.0037198610554068333,0.0009103747609312265,-2.366762366433738,9.670772446825852,-11.879234313964844,-1.840036392211914
15,0.25137805938720703,-2.0,-2.0,-2.0085470085470085,-1.9963369963369964,0.579,0.339,0.37681752355911835,0.15036721925724053,0.0037198610554068333,0.0009103747609312265,-2.366762366433738,9.670772446825852,-11.407716751098633,-1.892587661743164
16,0.2669689655303955,-2.0,-2.0,-1.9963369963369964,-1.9841269841269842,0.579,0.339,0.37681752355911835,0.15036721925724053,0.0037198610554068333,0.0009103747609312265,-2.366762366433738,9.670772446825852,-11.578804016113281,-1.671126127243042
17,0.28485107421875,-2.0,-2.0,-2.0085470085470085,-1.9963369963369964,0.579,0.339,0.37681752355911835,0.15036721925724053,0.0037198610554068333,0.0009103747609312265,-2.366762366433738,9.670772446825852,-11.84312629699707,-1.828676700592041
18,0.3012981414794922,-2.0,-2.0,-2.0085470085470085,-1.9841269841269842,0.579,0.339,0.37681752355911835,0.15036721925724053,0.005715126080740112,0.0065689008480569,-2.366762366433738,9.670772446825852,-11.449954986572266,-1.9624905586242676
19,0.30658602714538574,-2.0,-2.0,-2.0085470085470085,-1.9841269841269842,0.579,0.339,0.37681752355911835,0.15036721925724053,0.0037198610554068333,0.0009103747609312265,-2.366762366433738,9.670772446825852,-11.576065063476562,-1.687955617904663
20,0.3164949417114258,-2.0,-2.0,-2.0085470085470085,-1.9841269841269842,0.579,0.339,0.37681752355911835,0.15036721925724053,0.0037198610554068333,0.0009103747609312265,-2.366762366433738,9.670772446825852,-11.820005416870117,-1.7433459758758545
21,0.33223390579223633,-2.0,-2.0,-1.9963369963369964,-1.9841269841269842,0.579,0.339,0.37681752355911835,0.15036721925724053,0.0018044066310868865,-0.00452181028270942,-2.366762366433738,9.670772446825852,-11.440482139587402,-2.005930185317993
22,0.34063005447387695,-2.0,-2.0,-2.0085470085470085,-1.971916971916972,0.579,0.339,0.37681752355911835,0.15036721925724053,0.0114695715875044,0.002806988846204615,-2.366762366433738,9.670772446825852,-11.55902099609375,-1.7216777801513672
23,0.35631704330444336,-2.0,-2.0,-1.9963369963369964,-1.9963369963369964,0.579,0.339,0.37681752355911835,0.15036721925724053,0.0037198610554068333,0.0009103747609312265,-2.366762366433738,9.670772446825852,-11.770557403564453,-1.7072086334228516
24,0.3746371269226074,-2.0,-2.0,-1.9963369963369964,-2.0085470085470085,0.579,0.339,0.37681752355911835,0.15036721925724053,0.009474306562171124,-0.002851537240921058,-2.366762366433738,9.670772446825852,-11.462371826171875,-1.933814287185669
25,0.39951395988464355,-2.0,-2.0,-2.0085470085470085,-2.0085470085470085,0.579,0.339,0.37681752355911835,0.15036721925724053,-0.0037198610554068333,-0.0009103747609312265,-2.366762366433738,9.670772446825852,-11.539445877075195,-1.8167929649353027
26,0.41536498069763184,-2.0,-2.0,-1.9963369963369964,-1.9963369963369964,0.579,0.339,0.37681752355911835,0.15036721925724053,0.0114695715875044,0.002806988846204615,-2.366762366433738,9.670772446825852,-11.772788047790527,-1.7163071632385254
27,0.4339749813079834,-2.0,-2.0,-2.0085470085470085,-1.9841269841269842,0.579,0.339,0.37681752355911835,0.15036721925724053,0.0037198610554068333,0.0009103747609312265,-2.366762366433738,9.670772446825852,-11.477287292480469,-1.8609743118286133
28,0.44186997413635254,-2.0,-2.0,-2.0085470085470085,-1.9963369963369964,0.579,0.339,0.37681752355911835,0.15036721925724053,0.0037198610554068333,0.0009103747609312265,-2.366762366433738,9.670772446825852,-11.551841735839844,-1.8554363250732422
29,0.45002293586730957,-2.0,-2.0,-1.9963369963369964,-1.9841269841269842,0.579,0.339,0.37681752355911835,0.15036721925724053,0.005715126080740112,0.0065689008480569,-2.366762366433738,9.670772446825852,-11.729366302490234,-1.753920316696167
30,0.46550798416137695,-2.0,-2.0,-1.9963369963369964,-2.0085470085470085,0.579,0.339,0.37681752355911835,0.15036721925724053,0.0037198610554068333,0.0009103747609312265,-2.366762366433738,9.670772446825852,-11.492021560668945,-1.830843448638916
31,0.4847290515899658,-2.0,-2.0,-1.9963369963369964,-1.9841269841269842,0.579,0.339,0.37681752355911835,0.15036721925724053,0.0037198610554068333,0.0009103747609312265,-2.366762366433738,9.670772446825852,-11.551612854003906,-1.8257153034210205
32,0.5156960487365723,-2.0,-2.0,-1.9963369963369964,-1.9841269841269842,0.579,0.339,0.37681752355911835,0.15036721925724053,-0.0018044066310868865,0.00452181028270942,-2.366762366433738,9.670772446825852,-11.680047988891602,-1.781125783920288
33,0.5336840152740479,-2.0,-2.0,-2.0085470085470085,-2.0085470085470085,0.579,0.339,0.37681752355911835,0.15036721925724053,0.0037198610554068333,0.0009103747609312265,-2.366762366433738,9.670772446825852,-11.496763229370117,-1.8309624195098877
34,0.5513091087341309,-2.0,-2.0,-1.9963369963369964,-1.971916971916972,0.579,0.339,0.37681752355911835,0.15036721925724053,0.0037198610554068333,0.0009103747609312265,-2.366762366433738,9.670772446825852,-11.572254180908203,-1.8004412651062012
35,0.5677030086517334,-2.0,-2.0,-1.9963369963369964,-1.9841269841269842,0.579,0.339,0.37681752355911835,0.15036721925724053,0.0037198610554068333,0.0009103747609312265,-2.366762366433738,9.670772446825852,-11.658116340637207,-1.8041188716888428
36,0.574131965637207,-2.0,-2.0,-2.0085470085470085,-1.9841269841269842,0.579,0.339,0.37681752355911835,0.15036721925724053,0.0037198610554068333,0.0009103747609312265,-2.366762366433738,9.670772446825852,-11.503242492675781,-1.8489665985107422
37,0.5842490196228027,-2.0,-2.0,-1.9963369963369964,-2.0085470085470085,0.579,0.339,0.37681752355911835,0.15036721925724053,0.0037198610554068333,0.0009103747609312265,-2.366762366433738,9.670772446825852,-11.590328216552734,-1.7706730365753174
38,0.601161003112793,-2.0,-2.0,-2.0085470085470085,-1.971916971916972,0.579,0.339,0.37681752355911835,0.15036721925724053,0.0037198610554068333,0.0009103747609312265,-2.366762366433738,9.670772446825852,-11.631251335144043,-1.814145803451538
39,0.6177139282226562,-2.0,-2.0,-1.9963369963369964,-1.971916971916972,0.579,0.339,0.37681752355911835,0.15036721925724053,0.0037198610554068333,0.0009103747609312265,-2.366762366433738,9.670772446825852,-11.497020721435547,-1.873363971710205
40,0.6331889629364014,-2.0,-2.0,-2.0085470085470085,-1.971916971916972,0.579,0.339,0.37681752355911835,0.15036721925724053,0.0037198610554068333,0.0009103747609312265,-2.366762366433738,9.670772446825852,-11.591182708740234,-1.747534990310669
41,0.6408770084381104,-2.0,-2.0,-2.0085470085470085,-2.0085470085470085,0.579,0.339,0.37681752355911835,0.15036721925724053,0.0037198610554068333,0.0009103747609312265,-2.366762366433738,9.670772446825852,-11.608556747436523,-1.7947733402252197
42,0.6570520401000977,-2.0,-2.0,-2.0207570207570207,-1.9963369963369964,0.579,0.339,0.37681752355911835,0.15036721925724053,0.0037198610554068333,0.0009103747609312265,-2.366762366433738,9.670772446825852,-11.50243091583252,-1.887897253036499
43,0.6722900867462158,-2.0,-2.0,-2.0085470085470085,-1.9841269841269842,0.579,0.339,0.37681752355911835,0.15036721925724053,0.0037198610554068333,0.0009103747609312265,-2.366762366433738,9.670772446825852,-11.59054183959961,-1.7706851959228516
44,0.6843791007995605,-2.0,-2.0,-2.0085470085470085,-1.9963369963369964,0.579,0.339,0.37681752355911835,0.15036721925724053,0.0037198610554068333,0.0009103747609312265,-2.366762366433738,9.670772446825852,-11.603943824768066,-1.7774162292480469
45,0.7011840343475342,-2.0,-2.0,-1.9963369963369964,-1.9841269841269842,0.579,0.339,0.37681752355911835,0.15036721925724053,0.0018044066310868865,-0.00452181028270942,-2.366762366433738,9.670772446825852,-11.504852294921875,-1.8688418865203857
46,0.7320609092712402,-2.0,-2.0,-1.9963369963369964,-1.9963369963369964,0.579,0.339,0.37681752355911835,0.15036721925724053,0.009474306562171124,-0.002851537240921058,-2.366762366433738,9.670772446825852,-11.601542472839355,-1.79850435256958
47,0.750514030456543,-2.0,-2.0,-1.9963369963369964,-1.9963369963369964,0.579,0.339,0.37681752355911835,0.15036721925724053,-0.0018044066310868865,0.00452181028270942,-2.366762366433738,9.670772446825852,-11.57524299621582,-1.78416109085083
48,0.7669200897216797,-2.0,-2.0,-1.9963369963369964,-1.971916971916972,0.579,0.339,0.37681752355911835,0.15036721925724053,0.0037198610554068333,0.0009103747609312265,-2.366762366433738,9.670772446825852,-11.5120849609375,-1.8418452739715576
49,0.7825779914855957,-2.0,-2.0,-1.9963369963369964,-1.9841269841269842,0.579,0.339,0.37681752355911835,0.15036721925724053,0.0037198610554068333,0.0009103747609312265,-2.366762366433738,9.670772446825852,-11.595964431762695,-1.7937042713165283
50,0.8009490966796875,-2.0,-2.0,-1.9963369963369964,-1.9963369963369964,0.579,0.339,0.37681752355911835,0.15036721925724053,0.0037198610554068333,0.0009103747609312265,-2.366762366433738,9.670772446825852,-11.554630279541016,-1.8047442436218262
51,0.8177580833435059,-2.0,-2.0,-2.0085470085470085,-1.9963369963369964,0.579,0.339,0.37681752355911835,0.15036721925724053,0.005715126080740112,0.0065689008480569,-2.366762366433738,9.670772446825852,-11.52822494506836,-1.8302724361419678
52,0.8232870101928711,-2.0,-2.0,-2.0085470085470085,-1.9963369963369964,0.579,0.339,0.37681752355911835,0.15036721925724053,0.005715126080740112,0.0065689008480569,-2.366762366433738,9.670772446825852,-11.595455169677734,-1.7942099571228027
53,0.8342499732971191,-2.0,-2.0,-2.0085470085470085,-1.9963369963369964,0.579,0.338,0.3768972209763176,0.15059360016829923,0.005706749987030939,0.006571849652493272,-2.369829824885927,9.666080278987076,-11.533224105834961,-1.822563886642456
54,0.8485960960388184,-2.0,-2.0,-1.9963369963369964,-1.9963369963369964,0.579,0.339,0.37681752355911835,0.15036721925724053,0.0037198610554068333,0.0009103747609312265,-2.366762366433738,9.670772446825852,-11.542085647583008,-1.8105602264404297
55,0.8663849830627441,-2.0,-2.0,-2.0085470085470085,-1.9963369963369964,0.579,0.339,0.37681752355911835,0.15036721925724053,0.0037198610554068333,0.0009103747609312265,-2.366762366433738,9.670772446825852,-11.59307861328125,-1.8015477657318115
56,0.884040117263794,-2.0,-2.0,-2.0085470085470085,-1.9841269841269842,0.579,0.339,0.37681752355911835,0.15036721925724053,0.0018044066310868865,-0.00452181028270942,-2.366762366433738,9.670772446825852,-11.525699615478516,-1.8314213752746582
57,0.8900420665740967,-2.0,-2.0,-1.9963369963369964,-1.9841269841269842,0.579,0.339,0.37681752355911835,0.15036721925724053,0.0018044066310868865,-0.00452181028270942,-2.366762366433738,9.670772446825852,-11.542198181152344,-1.80055832862854
58,0.9011940956115723,-2.0,-2.0,-2.0085470085470085,-2.0085470085470085,0.579,0.339,0.37681752355911835,0.15036721925724053,0.009474306562171124,-0.002851537240921058,-2.366762366433738,9.670772446825852,-11.576343536376953,-1.79427170753479
59,0.9175529479980469,-2.0,-2.0,-2.0085470085470085,-1.9963369963369964,0.579,0.339,0.37681752355911835,0.15036721925724053,0.0037198610554068333,0.0009103747609312265,-2.366762366433738,9.670772446825852,-11.524393081665039,-1.837409257888794
60,0.9340870380401611,-2.0,-2.0,-1.9963369963369964,-1.9841269841269842,0.579,0.338,0.3768972209763176,0.15059360016829923,0.005706749987030939,0.006571849652493272,-2.369829824885927,9.666080278987076,-11.5460205078125,-1.8139011859893799
61,0.9492881298065186,-2.0,-2.0,-1.9963369963369964,-1.9963369963369964,0.579,0.339,0.37681752355911835,0.15036721925724053,0.0037198610554068333,0.0009103747609312265,-2.366762366433738,9.670772446825852,-11.57030200958252,-1.7864398956298828
62,0.9673049449920654,-2.0,-2.0,-1.9963369963369964,-1.9841269841269842,0.579,0.339,0.37681752355911835,0.15036721925724053,0.005715126080740112,0.0065689008480569,-2.366762366433738,9.670772446825852,-11.521927833557129,-1.8271028995513916
63,0.9841189384460449,-2.0,-2.0,-1.9963369963369964,-1.9963369963369964,0.579,0.339,0.37681752355911835,0.15036721925724053,0.0037198610554068333,0.0009103747609312265,-2.366762366433738,9.670772446825852,-11.553030967712402,-1.8123881816864014
64,1.0009770393371582,-2.0,-2.0,-2.0085470085470085,-1.971916971916972,0.579,0.339,0.37681752355911835,0.15036721925724053,0.0037198610554068333,0.0009103747609312265,-2.366762366433738,9.670772446825852,-11.56207275390625,-1.8050634860992432
65,1.0173840522766113,-2.0,-2.0,-2.0085470085470085,-1.9963369963369964,0.579,0.339,0.37681752355911835,0.15036721925724053,-0.0018044066310868865,0.00452181028270942,-2.366762366433738,9.670772446825852,-11.511856079101562,-1.8155405521392822
66,1.0340499877929688,-2.0,-2.0,-2.0085470085470085,-1.9963369963369964,0.579,0.339,0.37681752355911835,0.15036721925724053,-0.0037198610554068333,-0.0009103747609312265,-2.366762366433738,9.670772446825852,-11.557226181030273,-1.8023784160614014
67,1.0506820678710938,-2.0,-2.0,-1.9963369963369964,-2.0085470085470085,0.579,0.339,0.37681752355911835,0.15036721925724053,0.0037198610554068333,0.0009103747609312265,-2.366762366433738,9.670772446825852,-11.544561386108398,-1.8097288608551025
68,1.0588641166687012,-2.0,-2.0,-1.9841269841269842,-1.9841269841269842,0.579,0.339,0.37681752355911835,0.15036721925724053,0.0018044066310868865,-0.00452181028270942,-2.366762366433738,9.670772446825852,-11.523459434509277,-1.8182480335235596
69,1.079092025756836,-2.0,-2.0,-1.9963369963369964,-1.9963369963369964,0.579,0.339,0.37681752355911835,0.15036721925724053,0.005715126080740112,0.0065689008480569,-2.366762366433738,9.670772446825852,-11.557415008544922,-1.7991397380828857
70,1.0997869968414307,-2.0,-2.0,-2.0085470085470085,-1.971916971916972,0.579,0.339,0.37681752355911835,0.15036721925724053,0.005715126080740112,0.0065689008480569,-2.366762366433738,9.670772446825852,-11.534933090209961,-1.8162193298339844
71,1.1149051189422607,-2.0,-2.0,-1.9963369963369964,-1.9963369963369964,0.579,0.339,0.37681752355911835,0.15036721925724053,0.009474306562171124,-0.002851537240921058,-2.366762366433738,9.670772446825852,-11.525092124938965,-1.8133490085601807
72,1.1226000785827637,-2.0,-2.0,-1.9963369963369964,-1.9963369963369964,0.579,0.339,0.37681752355911835,0.15036721925724053,0.0018044066310868865,-0.00452181028270942,-2.366762366433738,9.670772446825852,-11.558874130249023,-1.8010096549987793
73,1.1388390064239502,-2.0,-2.0,-2.0085470085470085,-1.9963369963369964,0.579,0.339,0.37681752355911835,0.15036721925724053,0.0037198610554068333,0.0009103747609312265,-2.366762366433738,9.670772446825852,-11.526460647583008,-1.8222250938415527
74,1.1540000438690186,-2.0,-2.0,-1.9963369963369964,-1.971916971916972,0.579,0.339,0.37681752355911835,0.15036721925724053,0.0037198610554068333,0.0009103747609312265,-2.366762366433738,9.670772446825852,-11.529680252075195,-1.8076837062835693
75,1.1675961017608643,-2.0,-2.0,-2.0085470085470085,-1.9841269841269842,0.579,0.339,0.37681752355911835,0.15036721925724053,0.005715126080740112,0.0065689008480569,-2.366762366433738,9.670772446825852,-11.548084259033203,-1.7982697486877441
76,1.1840620040893555,-2.0,-2.0,-1.9963369963369964,-1.9963369963369964,0.579,0.339,0.37681752355911835,0.15036721925724053,0.0037198610554068333,0.0009103747609312265,-2.366762366433738,9.670772446825852,-11.524478912353516,-1.8239529132843018
77,1.2005560398101807,-2.0,-2.0,-2.0085470085470085,-1.971916971916972,0.579,0.339,0.37681752355911835,0.15036721925724053,-0.00019085839424639152,-0.010180336369835093,-2.366762366433738,9.670772446825852,-11.533926010131836,-1.8124890327453613
78,1.2174100875854492,-2.0,-2.0,-2.0085470085470085,-1.971916971916972,0.579,0.339,0.37681752355911835,0.15036721925724053,0.0037198610554068333,0.0009103747609312265,-2.366762366433738,9.670772446825852,-11.539501190185547,-1.8012452125549316
79,1.242159128189087,-2.0,-2.0,-2.0085470085470085,-1.9963369963369964,0.579,0.339,0.37681752355911835,0.15036721925724053,0.009474306562171124,-0.002851537240921058,-2.366762366433738,9.670772446825852,-11.519847869873047,-1.818702220916748
80,1.2658050060272217,-2.0,-2.0,-2.0085470085470085,-2.0085470085470085,0.579,0.339,0.37681752355911835,0.15036721925724053,0.005715126080740112,0.0065689008480569,-2.366762366433738,9.670772446825852,-11.542491912841797,-1.812467336654663
81,1.283311128616333,-2.0,-2.0,-1.9963369963369964,-2.0085470085470085,0.579,0.339,0.37681752355911835,0.15036721925724053,0.005715126080740112,0.0065689008480569,-2.366762366433738,9.670772446825852,-11.532735824584961,-1.8134496212005615
82,1.3005390167236328,-2.0,-2.0,-1.9963369963369964,-1.9841269841269842,0.579,0.339,0.37681752355911835,0.15036721925724053,0.0037198610554068333,0.0009103747609312265,-2.366762366433738,9.670772446825852,-11.51611328125,-1.8061623573303223
83,1.3083810806274414,-2.0,-2.0,-2.0085470085470085,-1.971916971916972,0.579,0.339,0.37681752355911835,0.15036721925724053,0.009474306562171124,-0.002851537240921058,-2.366762366433738,9.670772446825852,-11.53961181640625,-1.803030014038086
84,1.3166289329528809,-2.0,-2.0,-1.9963369963369964,-1.9963369963369964,0.579,0.339,0.37681752355911835,0.15036721925724053,-0.0018044066310868865,0.00452181028270942,-2.366762366433738,9.670772446825852,-11.524585723876953,-1.8193435668945312
85,1.3338110446929932,-2.0,-2.0,-2.0085470085470085,-1.9841269841269842,0.579,0.339,0.37681752355911835,0.15036721925724053,0.005715126080740112,0.0065689008480569,-2.366762366433738,9.670772446825852,-11.523392677307129,-1.8107707500457764
86,1.349195957183838,-2.0,-2.0,-2.0085470085470085,-2.0085470085470085,0.579,0.339,0.37681752355911835,0.15036721925724053,0.005715126080740112,0.0065689008480569,-2.366762366433738,9.670772446825852,-11.539578437805176,-1.8058726787567139
87,1.3645100593566895,-2.0,-2.0,-1.9963369963369964,-2.0085470085470085,0.579,0.339,0.37681752355911835,0.15036721925724053,0.0018044066310868865,-0.00452181028270942,-2.366762366433738,9.670772446825852,-11.51218032836914,-1.8081955909729004
88,1.373054027557373,-2.0,-2.0,-2.0085470085470085,-1.9963369963369964,0.579,0.339,0.37681752355911835,0.15036721925724053,0.0037198610554068333,0.0009103747609312265,-2.366762366433738,9.670772446825852,-11.529634475708008,-1.8106260299682617
89,1.388340950012207,-2.0,-2.0,-1.9963369963369964,-1.9963369963369964,0.579,0.339,0.37681752355911835,0.15036721925724053,0.005715126080740112,0.0065689008480569,-2.366762366433738,9.670772446825852,-11.535794258117676,-1.8099989891052246
90,1.4150829315185547,-2.0,-2.0,-2.0085470085470085,-1.9963369963369964,0.579,0.339,0.37681752355911835,0.15036721925724053,0.0037198610554068333,0.0009103747609312265,-2.366762366433738,9.670772446825852,-11.510687828063965,-1.8155686855316162
91,1.4332389831542969,-2.0,-2.0,-2.0085470085470085,-1.9597069597069599,0.579,0.339,0.37681752355911835,0.15036721925724053,0.009474306562171124,-0.002851537240921058,-2.366762366433738,9.670772446825852,-11.528308868408203,-1.8091940879821777
92,1.441683053970337,-2.0,-2.0,-1.9841269841269842,-1.9597069597069599,0.579,0.339,0.37681752355911835,0.15036721925724053,0.0037198610554068333,0.0009103747609312265,-2.366762366433738,9.670772446825852,-11.524627685546875,-1.8011302947998047
93,1.4503300189971924,-2.0,-2.0,-1.9963369963369964,-1.9841269841269842,0.579,0.339,0.37681752355911835,0.15036721925724053,0.009474306562171124,-0.002851537240921058,-2.366762366433738,9.670772446825852,-11.517654418945312,-1.8178565502166748
94,1.4669170379638672,-2.0,-2.0,-2.0085470085470085,-1.9841269841269842,0.579,0.339,0.37681752355911835,0.15036721925724053,0.0018044066310868865,-0.00452181028270942,-2.366762366433738,9.670772446825852,-11.527552604675293,-1.8128302097320557
95,1.4837219715118408,-2.0,-2.0,-2.0085470085470085,-1.9963369963369964,0.579,0.339,0.37681752355911835,0.15036721925724053,0.0037198610554068333,0.0009103747609312265,-2.366762366433738,9.670772446825852,-11.52277946472168,-1.8033244609832764
96,1.5006649494171143,-2.0,-2.0,-1.9963369963369964,-1.9841269841269842,0.579,0.339,0.37681752355911835,0.15036721925724053,0.0037198610554068333,0.0009103747609312265,-2.366762366433738,9.670772446825852,-11.514622688293457,-1.8164691925048828
97,1.5153460502624512,-2.0,-2.0,-1.9963369963369964,-1.9963369963369964,0.579,0.339,0.37681752355911835,0.15036721925724053,0.0037198610554068333,0.0009103747609312265,-2.366762366433738,9.670772446825852,-11.525117874145508,-1.8073737621307373
98,1.533553123474121,-2.0,-2.0,-2.0085470085470085,-2.0085470085470085,0.579,0.339,0.37681752355911835,0.15036721925724053,0.0037198610554068333,0.0009103747609312265,-2.366762366433738,9.670772446825852,-11.523436546325684,-1.8115532398223877
99,1.5503671169281006,-2.0,-2.0,-1.9841269841269842,-1.9841269841269842,0.579,0.339,0.37681752355911835,0.15036721925724053,0.0037198610554068333,0.0009103747609312265,-2.366762366433738,9.670772446825852,-11.506593704223633,-1.8082566261291504
100,1.558474063873291,-2.0,-2.0,-2.0085470085470085,-1.971916971916972,0.579,0.339,0.37681752355911835,0.15036721925724053,0.005715126080740112,0.0065689008480569,-2.366762366433738,9.670772446825852,-11.534375190734863,-1.8082597255706787
101,1.5743300914764404,-2.0,-2.0,-2.0085470085470085,-1.9841269841269842,0.579,0.339,0.37681752355911835,0.15036721925724053,0.0037198610554068333,0.0009103747609312265,-2.366762366433738,9.670772446825852,-11.503145217895508,-1.81264328956604
102,1.5899059772491455,-2.0,-2.0,-1.9963369963369964,-1.9841269841269842,0.579,0.339,0.37681752355911835,0.15036721925724053,-0.0018044066310868865,0.00452181028270942,-2.366762366433738,9.670772446825852,-11.523037910461426,-1.8148412704467773
103,1.6049590110778809,-2.0,-2.0,-1.9963369963369964,-1.9963369963369964,0.579,0.339,0.37681752355911835,0.15036721925724053,0.0037198610554068333,0.0009103747609312265,-2.366762366433738,9.670772446825852,-11.518692970275879,-1.8030736446380615
104,1.6309199333190918,-2.0,-2.0,-1.9963369963369964,-2.0085470085470085,0.579,0.339,0.37681752355911835,0.15036721925724053,0.0037198610554068333,0.0009103747609312265,-2.366762366433738,9.670772446825852,-11.51211166381836,-1.813586711883545
105,1.6488800048828125,-2.0,-2.0,-1.9963369963369964,-1.9841269841269842,0.579,0.339,0.37681752355911835,0.15036721925724053,0.0018044066310868865,-0.00452181028270942,-2.366762366433738,9.670772446825852,-11.513580322265625,-1.809565544128418
106,1.6660470962524414,-2.0,-2.0,-2.0085470085470085,-1.9841269841269842,0.579,0.339,0.37681752355911835,0.15036721925724053,0.0037198610554068333,0.0009103747609312265,-2.366762366433738,9.670772446825852,-11.522022247314453,-1.8136029243469238
107,1.6739239692687988,-2.0,-2.0,-1.9963369963369964,-1.9597069597069599,0.579,0.339,0.37681752355911835,0.15036721925724053,0.0037198610554068333,0.0009103747609312265,-2.366762366433738,9.670772446825852,-11.508279800415039,-1.8130059242248535
108,1.689836025238037,-2.0,-2.0,-1.9963369963369964,-1.9597069597069599,0.579,0.339,0.37681752355911835,0.15036721925724053,0.009474306562171124,-0.002851537240921058,-2.366762366433738,9.670772446825852,-11.515172958374023,-1.806875228881836
109,1.6999669075012207,-2.0,-2.0,-1.9963369963369964,-1.9963369963369964,0.579,0.339,0.37681752355911835,0.15036721925724053,0.0037198610554068333,0.0009103747609312265,-2.366762366433738,9.670772446825852,-11.51584243774414,-1.8088593482971191
110,1.7165651321411133,-2.0,-2.0,-2.0085470085470085,-1.9963369963369964,0.579,0.339,0.37681752355911835,0.15036721925724053,0.0018044066310868865,-0.00452181028270942,-2.366762366433738,9.670772446825852,-11.51335334777832,-1.8154916763305664
111,1.7335219383239746,-2.0,-2.0,-2.0207570207570207,-1.9963369963369964,0.579,0.339,0.37681752355911835,0.15036721925724053,0.0037198610554068333,0.0009103747609312265,-2.366762366433738,9.670772446825852,-11.5093994140625,-1.810194969177246
112,1.750014066696167,-2.0,-2.0,-1.9963369963369964,-1.9963369963369964,0.579,0.339,0.37681752355911835,0.15036721925724053,0.0018044066310868865,-0.00452181028270942,-2.366762366433738,9.670772446825852,-11.517019271850586,-1.804213047027588
113,1.7668530941009521,-2.0,-2.0,-1.9963369963369964,-1.9841269841269842,0.579,0.339,0.37681752355911835,0.15036721925724053,0.0018044066310868865,-0.00452181028270942,-2.366762366433738,9.670772446825852,-11.505878448486328,-1.8117306232452393
114,1.783332109451294,-2.0,-2.0,-1.9841269841269842,-1.9963369963369964,0.579,0.339,0.37681752355911835,0.15036721925724053,0.0037198610554068333,0.0009103747609312265,-2.366762366433738,9.670772446825852,-11.515542984008789,-1.8103477954864502
115,1.8002169132232666,-2.0,-2.0,-1.9963369963369964,-1.9841269841269842,0.579,0.339,0.37681752355911835,0.15036721925724053,0.0037198610554068333,0.0009103747609312265,-2.366762366433738,9.670772446825852,-11.50916862487793,-1.8157308101654053
116,1.81679105758667,-2.0,-2.0,-2.0085470085470085,-1.9963369963369964,0.579,0.339,0.37681752355911835,0.15036721925724053,0.0037198610554068333,0.0009103747609312265,-2.366762366433738,9.670772446825852,-11.512105941772461,-1.8063976764678955
117,1.8334510326385498,-2.0,-2.0,-1.9963369963369964,-2.0085470085470085,0.579,0.339,0.37681752355911835,0.15036721925724053,0.0037198610554068333,0.0009103747609312265,-2.366762366433738,9.670772446825852,-11.507993698120117,-1.8071885108947754
118,1.8500571250915527,-2.0,-2.0,-2.0085470085470085,-1.9841269841269842,0.579,0.339,0.37681752355911835,0.15036721925724053,0.005715126080740112,0.0065689008480569,-2.366762366433738,9.670772446825852,-11.507198333740234,-1.8178184032440186
119,1.8666961193084717,-2.0,-2.0,-2.0085470085470085,-1.9963369963369964,0.579,0.339,0.37681752355911835,0.15036721925724053,0.0018044066310868865,-0.00452181028270942,-2.366762366433738,9.670772446825852,-11.517205238342285,-1.810622215270996
120,1.8833670616149902,-2.0,-2.0,-2.0207570207570207,-1.9963369963369964,0.579,0.339,0.37681752355911835,0.15036721925724053,0.0037198610554068333,0.0009103747609312265,-2.366762366433738,9.670772446825852,-11.496725082397461,-1.8102529048919678
121,1.8911831378936768,-2.0,-2.0,-1.9963369963369964,-1.9963369963369964,0.579,0.339,0.37681752355911835,0.15036721925724053,0.0018044066310868865,-0.00452181028270942,-2.366762366433738,9.670772446825852,-11.509265899658203,-1.8109931945800781
122,1.906515121459961,-2.0,-2.0,-2.0085470085470085,-1.9963369963369964,0.579,0.339,0.37681752355911835,0.15036721925724053,0.0037198610554068333,0.0009103747609312265,-2.366762366433738,9.670772446825852,-11.510238647460938,-1.8080418109893799
123,1.9168190956115723,-2.0,-2.0,-2.0085470085470085,-1.9841269841269842,0.579,0.339,0.37681752355911835,0.15036721925724053,0.0037198610554068333,0.0009103747609312265,-2.366762366433738,9.670772446825852,-11.504020690917969,-1.8150684833526611
124,1.9331870079040527,-2.0,-2.0,-1.9963369963369964,-1.9841269841269842,0.579,0.339,0.37681752355911835,0.15036721925724053,0.009474306562171124,-0.002851537240921058,-2.366762366433738,9.670772446825852,-11.506567001342773,-1.809218406677246
125,1.9498260021209717,-2.0,-2.0,-1.9963369963369964,-1.9963369963369964,0.579,0.339,0.37681752355911835,0.15036721925724053,-0.0018044066310868865,0.00452181028270942,-2.366762366433738,9.670772446825852,-11.502983093261719,-1.804624319076538
126,1.9642009735107422,-2.0,-2.0,-2.0085470085470085,-1.9963369963369964,0.579,0.339,0.37681752355911835,0.15036721925724053,-0.0037198610554068333,-0.0009103747609312265,-2.366762366433738,9.670772446825852,-11.503931045532227,-1.8091888427734375
127,1.9833269119262695,-2.0,-2.0,-1.9963369963369964,-2.0085470085470085,0.579,0.339,0.37681752355911835,0.15036721925724053,0.005715126080740112,0.0065689008480569,-2.366762366433738,9.670772446825852,-11.503345489501953,-1.814723014831543
128,2.007798910140991,-2.0,-2.0,-2.0085470085470085,-2.0085470085470085,0.579,0.339,0.37681752355911835,0.15036721925724053,0.005715126080740112,0.0065689008480569,-2.366762366433738,9.670772446825852,-11.499671936035156,-1.8093128204345703
129,2.0308339595794678,-2.0,-2.0,-1.9963369963369964,-1.9963369963369964,0.579,0.339,0.37681752355911835,0.15036721925724053,0.0037198610554068333,0.0009103747609312265,-2.366762366433738,9.670772446825852,-11.51091194152832,-1.8114380836486816
130,2.039000988006592,-2.0,-2.0,-2.0085470085470085,-1.9841269841269842,0.579,0.339,0.37681752355911835,0.15036721925724053,0.0037198610554068333,0.0009103747609312265,-2.366762366433738,9.670772446825852,-11.493081092834473,-1.8068218231201172
131,2.0543699264526367,-2.0,-2.0,-2.0085470085470085,-1.9963369963369964,0.579,0.339,0.37681752355911835,0.15036721925724053,0.005715126080740112,0.0065689008480569,-2.366762366433738,9.670772446825852,-11.50834846496582,-1.8124914169311523
132,2.0665791034698486,-2.0,-2.0,-2.0085470085470085,-1.9963369963369964,0.579,0.339,0.37681752355911835,0.15036721925724053,0.005715126080740112,0.0065689008480569,-2.366762366433738,9.670772446825852,-11.499963760375977,-1.8065338134765625
133,2.0830271244049072,-2.0,-2.0,-1.9963369963369964,-1.9841269841269842,0.579,0.339,0.37681752355911835,0.15036721925724053,0.0037198610554068333,0.0009103747609312265,-2.366762366433738,9.670772446825852,-11.498007774353027,-1.8142175674438477
134,2.098007917404175,-2.0,-2.0,-1.9963369963369964,-1.9841269841269842,0.579,0.339,0.37681752355911835,0.15036721925724053,0.0037198610554068333,0.0009103747609312265,-2.366762366433738,9.670772446825852,-11.512066841125488,-1.80861234664917
135,2.116050958633423,-2.0,-2.0,-2.0085470085470085,-2.0085470085470085,0.579,0.339,0.37681752355911835,0.15036721925724053,0.0018044066310868865,-0.00452181028270942,-2.366762366433738,9.670772446825852,-11.487581253051758,-1.811537504196167
136,2.131108045578003,-2.0,-2.0,-2.0085470085470085,-1.9963369963369964,0.579,0.339,0.37681752355911835,0.15036721925724053,0.0037198610554068333,0.0009103747609312265,-2.366762366433738,9.670772446825852,-11.504733085632324,-1.811227560043335
137,2.1470470428466797,-2.0,-2.0,-2.0085470085470085,-1.9841269841269842,0.579,0.339,0.37681752355911835,0.15036721925724053,0.0037198610554068333,0.0009103747609312265,-2.366762366433738,9.670772446825852,-11.496525764465332,-1.8070769309997559
138,2.1664531230926514,-2.0,-2.0,-1.9963369963369964,-1.9841269841269842,0.579,0.339,0.37681752355911835,0.15036721925724053,0.0037198610554068333,0.0009103747609312265,-2.366762366433738,9.670772446825852,-11.497695922851562,-1.8111891746520996
139,2.174938917160034,-2.0,-2.0,-2.0085470085470085,-1.9841269841269842,0.579,0.339,0.37681752355911835,0.15036721925724053,0.0037198610554068333,0.0009103747609312265,-2.366762366433738,9.670772446825852,-11.50212287902832,-1.810004472732544
140,2.1978759765625,-2.0,-2.0,-1.9963369963369964,-1.9841269841269842,0.579,0.339,0.37681752355911835,0.15036721925724053,0.009474306562171124,-0.002851537240921058,-2.366762366433738,9.670772446825852,-11.497550964355469,-1.8120722770690918
141,2.2154219150543213,-2.0,-2.0,-1.9963369963369964,-2.0085470085470085,0.579,0.339,0.37681752355911835,0.15036721925724053,0.009474306562171124,-0.002851537240921058,-2.366762366433738,9.670772446825852,-11.494548797607422,-1.8045847415924072
142,2.232672929763794,-2.0,-2.0,-2.0085470085470085,-1.9963369963369964,0.579,0.339,0.37681752355911835,0.15036721925724053,0.0037198610554068333,0.0009103747609312265,-2.366762366433738,9.670772446825852,-11.501773834228516,-1.812910556793213
143,2.249752998352051,-2.0,-2.0,-2.0207570207570207,-2.0085470085470085,0.579,0.339,0.37681752355911835,0.15036721925724053,0.0018044066310868865,-0.00452181028270942,-2.366762366433738,9.670772446825852,-11.493728637695312,-1.8128492832183838
144,2.2661900520324707,-2.0,-2.0,-2.0085470085470085,-1.9963369963369964,0.579,0.339,0.37681752355911835,0.15036721925724053,0.0037198610554068333,0.0009103747609312265,-2.366762366433738,9.670772446825852,-11.496710777282715,-1.8072082996368408
145,2.274277925491333,-2.0,-2.0,-1.9963369963369964,-1.9963369963369964,0.579,0.339,0.37681752355911835,0.15036721925724053,0.0018044066310868865,-0.00452181028270942,-2.366762366433738,9.670772446825852,-11.502065658569336,-1.8098430633544922
146,2.297506093978882,-2.0,-2.0,-2.0085470085470085,-1.9963369963369964,0.579,0.339,0.37681752355911835,0.15036721925724053,0.0018044066310868865,-0.00452181028270942,-2.366762366433738,9.670772446825852,-11.485776901245117,-1.8107917308807373
147,2.3163421154022217,-2.0,-2.0,-2.0085470085470085,-1.9841269841269842,0.579,0.339,0.37681752355911835,0.15036721925724053,0.0018044066310868865,-0.00452181028270942,-2.366762366433738,9.670772446825852,-11.502107620239258,-1.8103148937225342
148,2.3328020572662354,-2.0,-2.0,-1.9963369963369964,-1.9841269841269842,0.579,0.339,0.37681752355911835,0.15036721925724053,0.0018044066310868865,-0.00452181028270942,-2.366762366433738,9.670772446825852,-11.493764877319336,-1.8113021850585938
149,2.3388290405273438,-2.0,-2.0,-1.9963369963369964,-1.9841269841269842,0.579,0.339,0.37681752355911835,0.15036721925724053,0.005715126080740112,0.0065689008480569,-2.366762366433738,9.670772446825852,-11.48861312866211,-1.8099291324615479
150,2.349802017211914,-2.0,-2.0,-1.9963369963369964,-1.9963369963369964,0.579,0.339,0.37681752355911835,0.15036721925724053,0.0037198610554068333,0.0009103747609312265,-2.366762366433738,9.670772446825852,-11.503645896911621,-1.8096888065338135
151,2.3642189502716064,-2.0,-2.0,-2.0085470085470085,-1.9841269841269842,0.579,0.339,0.37681752355911835,0.15036721925724053,0.0037198610554068333,0.0009103747609312265,-2.366762366433738,9.670772446825852,-11.489323616027832,-1.8151402473449707
152,2.3818039894104004,-2.0,-2.0,-1.9963369963369964,-1.9841269841269842,0.579,0.339,0.37681752355911835,0.15036721925724053,0.007558852137851176,-0.008283722284561704,-2.366762366433738,9.670772446825852,-11.486963272094727,-1.8046438694000244
153,2.397243022918701,-2.0,-2.0,-1.9963369963369964,-1.971916971916972,0.579,0.339,0.37681752355911835,0.15036721925724053,0.0037198610554068333,0.0009103747609312265,-2.366762366433738,9.670772446825852,-11.498899459838867,-1.8119421005249023
154,2.4055631160736084,-2.0,-2.0,-1.9963369963369964,-1.9963369963369964,0.579,0.339,0.37681752355911835,0.15036721925724053,0.0018044066310868865,-0.00452181028270942,-2.366762366433738,9.670772446825852,-11.489445686340332,-1.8073768615722656
155,2.4310269355773926,-2.0,-2.0,-1.9963369963369964,-1.9963369963369964,0.579,0.339,0.37681752355911835,0.15036721925724053,0.0018044066310868865,-0.00452181028270942,-2.366762366433738,9.670772446825852,-11.491331100463867,-1.8167283535003662
156,2.4463250637054443,-2.0,-2.0,-2.0085470085470085,-1.9841269841269842,0.579,0.339,0.37681752355911835,0.15036721925724053,0.0037198610554068333,0.0009103747609312265,-2.366762366433738,9.670772446825852,-11.492565155029297,-1.8052914142608643
157,2.4638290405273438,-2.0,-2.0,-2.0085470085470085,-1.9963369963369964,0.579,0.339,0.37681752355911835,0.15036721925724053,0.0037198610554068333,0.0009103747609312265,-2.366762366433738,9.670772446825852,-11.488149642944336,-1.808534860610962
158,2.4830689430236816,-2.0,-2.0,-2.0085470085470085,-1.9841269841269842,0.579,0.339,0.37681752355911835,0.15036721925724053,0.0037198610554068333,0.0009103747609312265,-2.366762366433738,9.670772446825852,-11.493051528930664,-1.8103492259979248
159,2.499284029006958,-2.0,-2.0,-1.9963369963369964,-1.9841269841269842,0.579,0.339,0.37681752355911835,0.15036721925724053,0.0037198610554068333,0.0009103747609312265,-2.366762366433738,9.670772446825852,-11.484284400939941,-1.810474157333374
160,2.5159640312194824,-2.0,-2.0,-2.0085470085470085,-1.9841269841269842,0.579,0.339,0.37681752355911835,0.15036721925724053,0.0037198610554068333,0.0009103747609312265,-2.366762366433738,9.670772446825852,-11.496432304382324,-1.8093667030334473
161,2.5328140258789062,-2.0,-2.0,-2.0085470085470085,-1.9963369963369964,0.579,0.339,0.37681752355911835,0.15036721925724053,0.0037198610554068333,0.0009103747609312265,-2.366762366433738,9.670772446825852,-11.485491752624512,-1.8032374382019043
162,2.549207925796509,-2.0,-2.0,-1.9841269841269842,-1.9841269841269842,0.579,0.339,0.37681752355911835,0.15036721925724053,0.005715126080740112,0.0065689008480569,-2.366762366433738,9.670772446825852,-11.486166000366211,-1.8125450611114502
163,2.5662600994110107,-2.0,-2.0,-1.9963369963369964,-1.9841269841269842,0.579,0.338,0.3768972209763176,0.15059360016829923,0.005706749987030939,0.006571849652493272,-2.369829824885927,9.666080278987076,-11.493099212646484,-1.8130788803100586
164,2.5826051235198975,-2.0,-2.0,-2.0085470085470085,-1.9963369963369964,0.579,0.339,0.37681752355911835,0.15036721925724053,0.005715126080740112,0.0065689008480569,-2.366762366433738,9.670772446825852,-11.481021881103516,-1.8102920055389404
165,2.5887770652770996,-2.0,-2.0,-2.0085470085470085,-2.0085470085470085,0.579,0.339,0.37681752355911835,0.15036721925724053,0.007558852137851176,-0.008283722284561704,-2.366762366433738,9.670772446825852,-11.486616134643555,-1.8058922290802002
166,2.5994389057159424,-2.0,-2.0,-2.0085470085470085,-1.9841269841269842,0.579,0.339,0.37681752355911835,0.15036721925724053,0.0037198610554068333,0.0009103747609312265,-2.366762366433738,9.670772446825852,-11.495283126831055,-1.810633659362793
167,2.607671022415161,-2.0,-2.0,-2.0085470085470085,-1.971916971916972,0.579,0.339,0.37681752355911835,0.15036721925724053,0.0037198610554068333,0.0009103747609312265,-2.366762366433738,9.670772446825852,-11.478137969970703,-1.806837797164917
168,2.626505136489868,-2.0,-2.0,-1.9963369963369964,-1.9841269841269842,0.579,0.339,0.37681752355911835,0.15036721925724053,0.0037198610554068333,0.0009103747609312265,-2.366762366433738,9.670772446825852,-11.494342803955078,-1.8173327445983887
169,2.64136004447937,-2.0,-2.0,-2.0085470085470085,-1.9963369963369964,0.579,0.339,0.37681752355911835,0.15036721925724053,0.0018044066310868865,-0.00452181028270942,-2.366762366433738,9.670772446825852,-11.481573104858398,-1.8053853511810303
170,2.6662070751190186,-2.0,-2.0,-1.9963369963369964,-1.971916971916972,0.579,0.339,0.37681752355911835,0.15036721925724053,0.0037198610554068333,0.0009103747609312265,-2.366762366433738,9.670772446825852,-11.483335494995117,-1.805586814880371
171,2.681126117706299,-2.0,-2.0,-1.9963369963369964,-2.0085470085470085,0.579,0.339,0.37681752355911835,0.15036721925724053,0.0037198610554068333,0.0009103747609312265,-2.366762366433738,9.670772446825852,-11.491373062133789,-1.8092000484466553
172,2.6895980834960938,-2.0,-2.0,-2.0085470085470085,-1.9963369963369964,0.579,0.339,0.37681752355911835,0.15036721925724053,0.0037198610554068333,0.0009103747609312265,-2.366762366433738,9.670772446825852,-11.483902931213379,-1.8133203983306885
173,2.704702138900757,-2.0,-2.0,-1.9963369963369964,-1.9841269841269842,0.579,0.339,0.37681752355911835,0.15036721925724053,0.0037198610554068333,0.0009103747609312265,-2.366762366433738,9.670772446825852,-11.479310989379883,-1.8079054355621338
174,2.7156291007995605,-2.0,-2.0,-1.9963369963369964,-1.9841269841269842,0.579,0.339,0.37681752355911835,0.15036721925724053,0.0037198610554068333,0.0009103747609312265,-2.366762366433738,9.670772446825852,-11.495929718017578,-1.8092079162597656
175,2.7471249103546143,-2.0,-2.0,-2.0085470085470085,-1.9841269841269842,0.579,0.339,0.37681752355911835,0.15036721925724053,0.0037198610554068333,0.0009103747609312265,-2.366762366433738,9.670772446825852,-11.477352142333984,-1.8085200786590576
176,2.7623510360717773,-2.0,-2.0,-1.9963369963369964,-1.9841269841269842,0.579,0.339,0.37681752355911835,0.15036721925724053,0.0018044066310868865,-0.00452181028270942,-2.366762366433738,9.670772446825852,-11.485872268676758,-1.8132083415985107
177,2.7807459831237793,-2.0,-2.0,-1.9963369963369964,-1.9963369963369964,0.579,0.339,0.37681752355911835,0.15036721925724053,0.0018044066310868865,-0.00452181028270942,-2.366762366433738,9.670772446825852,-11.482858657836914,-1.8115911483764648
178,2.7976040840148926,-2.0,-2.0,-2.0085470085470085,-1.9841269841269842,0.579,0.339,0.37681752355911835,0.15036721925724053,0.0037198610554068333,0.0009103747609312265,-2.366762366433738,9.670772446825852,-11.482808113098145,-1.8048186302185059
179,2.8155970573425293,-2.0,-2.0,-1.9963369963369964,-1.9963369963369964,0.579,0.339,0.37681752355911835,0.15036721925724053,-0.0037198610554068333,-0.0009103747609312265,-2.366762366433738,9.670772446825852,-11.479884147644043,-1.8092584609985352
180,2.8241870403289795,-2.0,-2.0,-1.9963369963369964,-1.9963369963369964,0.579,0.339,0.37681752355911835,0.15036721925724053,-0.0018044066310868865,0.00452181028270942,-2.366762366433738,9.670772446825852,-11.492452621459961,-1.8147122859954834
181,2.8309929370880127,-2.0,-2.0,-1.9963369963369964,-1.9841269841269842,0.579,0.339,0.37681752355911835,0.15036721925724053,0.0037198610554068333,0.0009103747609312265,-2.366762366433738,9.670772446825852,-11.475005149841309,-1.8091790676116943
182,2.846967935562134,-2.0,-2.0,-1.9963369963369964,-1.9963369963369964,0.579,0.339,0.37681752355911835,0.15036721925724053,0.0037198610554068333,0.0009103747609312265,-2.366762366433738,9.670772446825852,-11.48189926147461,-1.8100616931915283
183,2.864253044128418,-2.0,-2.0,-1.9963369963369964,-2.0085470085470085,0.579,0.339,0.37681752355911835,0.15036721925724053,0.0037198610554068333,0.0009103747609312265,-2.366762366433738,9.670772446825852,-11.484670639038086,-1.8054492473602295
184,2.882312059402466,-2.0,-2.0,-2.0085470085470085,-2.0085470085470085,0.579,0.339,0.37681752355911835,0.15036721925724053,0.0037198610554068333,0.0009103747609312265,-2.366762366433738,9.670772446825852,-11.476734161376953,-1.8154258728027344
185,2.8981409072875977,-2.0,-2.0,-2.0085470085470085,-1.9841269841269842,0.579,0.339,0.37681752355911835,0.15036721925724053,0.0037198610554068333,0.0009103747609312265,-2.366762366433738,9.670772446825852,-11.486783981323242,-1.8114502429962158
186,2.9136719703674316,-2.0,-2.0,-2.0085470085470085,-1.9963369963369964,0.579,0.339,0.37681752355911835,0.15036721925724053,0.0037198610554068333,0.0009103747609312265,-2.366762366433738,9.670772446825852,-11.476619720458984,-1.8026020526885986
187,2.931766986846924,-2.0,-2.0,-1.9963369963369964,-2.0085470085470085,0.579,0.339,0.37681752355911835,0.15036721925724053,0.00019085839424639152,0.010180336369835093,-2.366762366433738,9.670772446825852,-11.481437683105469,-1.8103983402252197
188,2.9491260051727295,-2.0,-2.0,-2.0085470085470085,-1.9841269841269842,0.579,0.339,0.37681752355911835,0.15036721925724053,0.0018044066310868865,-0.00452181028270942,-2.366762366433738,9.670772446825852,-11.478662490844727,-1.8113698959350586
189,2.965618133544922,-2.0,-2.0,-2.0085470085470085,-1.9963369963369964,0.579,0.339,0.37681752355911835,0.15036721925724053,0.0037198610554068333,0.0009103747609312265,-2.366762366433738,9.670772446825852,-11.479859352111816,-1.8138623237609863
190,2.9821629524230957,-2.0,-2.0,-2.0085470085470085,-2.0085470085470085,0.579,0.339,0.37681752355911835,0.15036721925724053,0.0037198610554068333,0.0009103747609312265,-2.366762366433738,9.670772446825852,-11.480524063110352,-1.8048498630523682
191,2.9902889728546143,-2.0,-2.0,-2.0085470085470085,-1.9841269841269842,0.579,0.339,0.37681752355911835,0.15036721925724053,0.0037198610554068333,0.0009103747609312265,-2.366762366433738,9.670772446825852,-11.479225158691406,-1.8062031269073486
192,3.012887954711914,-2.0,-2.0,-2.0085470085470085,-1.971916971916972,0.579,0.339,0.37681752355911835,0.15036721925724053,0.0037198610554068333,0.0009103747609312265,-2.366762366433738,9.670772446825852,-11.476333618164062,-1.8096797466278076
193,3.031121015548706,-2.0,-2.0,-1.9963369963369964,-2.0085470085470085,0.579,0.339,0.37681752355911835,0.15036721925724053,0.0037198610554068333,0.0009103747609312265,-2.366762366433738,9.670772446825852,-11.479166030883789,-1.817953109741211
194,3.0489680767059326,-2.0,-2.0,-2.0085470085470085,-1.9841269841269842,0.579,0.339,0.37681752355911835,0.15036721925724053,0.0037198610554068333,0.0009103747609312265,-2.366762366433738,9.670772446825852,-11.481900215148926,-1.8063199520111084
195,3.065392017364502,-2.0,-2.0,-1.9963369963369964,-1.9841269841269842,0.579,0.339,0.37681752355911835,0.15036721925724053,0.0037198610554068333,0.0009103747609312265,-2.366762366433738,9.670772446825852,-11.473197937011719,-1.807213306427002
196,3.0822980403900146,-2.0,-2.0,-1.9963369963369964,-1.971916971916972,0.579,0.339,0.37681752355911835,0.15036721925724053,-0.0018044066310868865,0.00452181028270942,-2.366762366433738,9.670772446825852,-11.477806091308594,-1.811079740524292
197,3.088515043258667,-2.0,-2.0,-2.0085470085470085,-1.971916971916972,0.579,0.339,0.37681752355911835,0.15036721925724053,0.0037198610554068333,0.0009103747609312265,-2.366762366433738,9.670772446825852,-11.479412078857422,-1.8127825260162354
198,3.0987489223480225,-2.0,-2.0,-2.0085470085470085,-1.9963369963369964,0.579,0.339,0.37681752355911835,0.15036721925724053,-0.0018044066310868865,0.00452181028270942,-2.366762366433738,9.670772446825852,-11.473104476928711,-1.814260721206665
199,3.1071131229400635,-2.0,-2.0,-2.0085470085470085,-1.9841269841269842,0.579,0.339,0.37681752355911835,0.15036721925724053,0.0018044066310868865,-0.00452181028270942,-2.366762366433738,9.670772446825852,-11.479240417480469,-1.80245041847229
200,3.1225221157073975,-2.0,-2.0,-2.0085470085470085,-1.971916971916972,0.579,0.339,0.37681752355911835,0.15036721925724053,-0.0018044066310868865,0.00452181028270942,-2.366762366433738,9.670772446825852,-11.470199584960938,-1.8146696090698242
201,3.138066053390503,-2.0,-2.0,-1.9963369963369964,-1.9841269841269842,0.579,0.339,0.37681752355911835,0.15036721925724053,0.0018044066310868865,-0.00452181028270942,-2.366762366433738,9.670772446825852,-11.480009078979492,-1.8049564361572266
202,3.1641030311584473,-2.0,-2.0,-1.9963369963369964,-1.971916971916972,0.579,0.339,0.37681752355911835,0.15036721925724053,0.0037198610554068333,0.0009103747609312265,-2.366762366433738,9.670772446825852,-11.474288940429688,-1.8120505809783936
203,3.1720659732818604,-2.0,-2.0,-2.0207570207570207,-1.9963369963369964,0.579,0.339,0.37681752355911835,0.15036721925724053,0.0037198610554068333,0.0009103747609312265,-2.366762366433738,9.670772446825852,-11.474570274353027,-1.8104288578033447
204,3.187978982925415,-2.0,-2.0,-1.9963369963369964,-1.971916971916972,0.579,0.339,0.37681752355911835,0.15036721925724053,-0.0037198610554068333,-0.0009103747609312265,-2.366762366433738,9.670772446825852,-11.4736909866333,-1.8090534210205078
205,3.2055490016937256,-2.0,-2.0,-2.0085470085470085,-1.9841269841269842,0.579,0.339,0.37681752355911835,0.15036721925724053,0.0018044066310868865,-0.00452181028270942,-2.366762366433738,9.670772446825852,-11.468438148498535,-1.81105375289917
206,3.224951982498169,-2.0,-2.0,-2.0085470085470085,-1.9963369963369964,0.579,0.339,0.37681752355911835,0.15036721925724053,0.005715126080740112,0.0065689008480569,-2.366762366433738,9.670772446825852,-11.479747772216797,-1.8140695095062256
207,3.246277093887329,-2.0,-2.0,-2.0085470085470085,-1.9963369963369964,0.579,0.339,0.37681752355911835,0.15036721925724053,0.0037198610554068333,0.0009103747609312265,-2.366762366433738,9.670772446825852,-11.470234870910645,-1.8113665580749512
208,3.2641611099243164,-2.0,-2.0,-2.0085470085470085,-1.9963369963369964,0.579,0.339,0.37681752355911835,0.15036721925724053,0.0037198610554068333,0.0009103747609312265,-2.366762366433738,9.670772446825852,-11.468725204467773,-1.8022792339324951
209,3.273181915283203,-2.0,-2.0,-1.9963369963369964,-1.9963369963369964,0.579,0.339,0.37681752355911835,0.15036721925724053,0.0037198610554068333,0.0009103747609312265,-2.366762366433738,9.670772446825852,-11.480260848999023,-1.8184642791748047
210,3.282179117202759,-2.0,-2.0,-1.9963369963369964,-1.971916971916972,0.579,0.339,0.37681752355911835,0.15036721925724053,0.005715126080740112,0.0065689008480569,-2.366762366433738,9.670772446825852,-11.468217849731445,-1.8084368705749512
211,3.2987310886383057,-2.0,-2.0,-2.0085470085470085,-1.9963369963369964,0.579,0.339,0.37681752355911835,0.15036721925724053,-0.0037198610554068333,-0.0009103747609312265,-2.366762366433738,9.670772446825852,-11.471773147583008,-1.81685209274292
212,3.3151519298553467,-2.0,-2.0,-1.9963369963369964,-1.9963369963369964,0.579,0.339,0.37681752355911835,0.15036721925724053,0.0018044066310868865,-0.00452181028270942,-2.366762366433738,9.670772446825852,-11.474502563476562,-1.7961483001708984
213,3.3320939540863037,-2.0,-2.0,-1.9963369963369964,-1.9841269841269842,0.579,0.339,0.37681752355911835,0.15036721925724053,0.0037198610554068333,0.0009103747609312265,-2.366762366433738,9.670772446825852,-11.470722198486328,-1.817525863647461
214,3.3400790691375732,-2.0,-2.0,-1.9963369963369964,-1.9963369963369964,0.579,0.339,0.37681752355911835,0.15036721925724053,0.0037198610554068333,0.0009103747609312265,-2.366762366433738,9.670772446825852,-11.472898483276367,-1.8123695850372314
215,3.355138063430786,-2.0,-2.0,-2.0085470085470085,-1.9841269841269842,0.579,0.339,0.37681752355911835,0.15036721925724053,0.0037198610554068333,0.0009103747609312265,-2.366762366433738,9.670772446825852,-11.474623680114746,-1.810631513595581
216,3.375944137573242,-2.0,-2.0,-1.9963369963369964,-1.9963369963369964,0.579,0.339,0.37681752355911835,0.15036721925724053,0.005715126080740112,0.0065689008480569,-2.366762366433738,9.670772446825852,-11.464805603027344,-1.8096058368682861
217,3.391942024230957,-2.0,-2.0,-2.0207570207570207,-1.9963369963369964,0.579,0.339,0.37681752355911835,0.15036721925724053,0.005715126080740112,0.0065689008480569,-2.366762366433738,9.670772446825852,-11.473432540893555,-1.8042025566101074
218,3.4077579975128174,-2.0,-2.0,-1.9963369963369964,-1.971916971916972,0.579,0.339,0.37681752355911835,0.15036721925724053,0.0037198610554068333,0.0009103747609312265,-2.366762366433738,9.670772446825852,-11.475632667541504,-1.8199748992919922
219,3.422922134399414,-2.0,-2.0,-2.0085470085470085,-1.971916971916972,0.579,0.339,0.37681752355911835,0.15036721925724053,0.0018044066310868865,-0.00452181028270942,-2.366762366433738,9.670772446825852,-11.464994430541992,-1.8087644577026367
220,3.4383389949798584,-2.0,-2.0,-2.0085470085470085,-1.971916971916972,0.579,0.339,0.37681752355911835,0.15036721925724053,0.005715126080740112,0.0065689008480569,-2.366762366433738,9.670772446825852,-11.475322723388672,-1.812528371810913
221,3.448686122894287,-2.0,-2.0,-2.0085470085470085,-1.971916971916972,0.579,0.339,0.37681752355911835,0.15036721925724053,0.0037198610554068333,0.0009103747609312265,-2.366762366433738,9.670772446825852,-11.464168548583984,-1.8029191493988037
222,3.481037139892578,-2.0,-2.0,-1.9963369963369964,-1.9963369963369964,0.579,0.339,0.37681752355911835,0.15036721925724053,0.0037198610554068333,0.0009103747609312265,-2.366762366433738,9.670772446825852,-11.472299575805664,-1.8203661441802979
223,3.498505115509033,-2.0,-2.0,-1.9963369963369964,-1.9963369963369964,0.579,0.339,0.37681752355911835,0.15036721925724053,0.0037198610554068333,0.0009103747609312265,-2.366762366433738,9.670772446825852,-11.471623420715332,-1.8099875450134277
224,3.5065951347351074,-2.0,-2.0,-1.9963369963369964,-1.9841269841269842,0.579,0.339,0.37681752355911835,0.15036721925724053,0.005715126080740112,0.0065689008480569,-2.366762366433738,9.670772446825852,-11.466863632202148,-1.806013822555542
225,3.5151660442352295,-2.0,-2.0,-1.9963369963369964,-1.971916971916972,0.579,0.339,0.37681752355911835,0.15036721925724053,0.0018044066310868865,-0.00452181028270942,-2.366762366433738,9.670772446825852,-11.467071533203125,-1.8080477714538574
226,3.53200101852417,-2.0,-2.0,-2.0085470085470085,-2.0085470085470085,0.579,0.339,0.37681752355911835,0.15036721925724053,0.00019085839424639152,0.010180336369835093,-2.366762366433738,9.670772446825852,-11.468503952026367,-1.8108155727386475
227,3.5464730262756348,-2.0,-2.0,-1.9963369963369964,-1.971916971916972,0.579,0.339,0.37681752355911835,0.15036721925724053,0.0037198610554068333,0.0009103747609312265,-2.366762366433738,9.670772446825852,-11.472508430480957,-1.8211021423339844
228,3.5637121200561523,-2.0,-2.0,-2.0207570207570207,-1.9963369963369964,0.579,0.339,0.37681752355911835,0.15036721925724053,0.0037198610554068333,0.0009103747609312265,-2.366762366433738,9.670772446825852,-11.463140487670898,-1.8018391132354736
229,3.5809130668640137,-2.0,-2.0,-2.0085470085470085,-1.9963369963369964,0.579,0.339,0.37681752355911835,0.15036721925724053,0.009474306562171124,-0.002851537240921058,-2.366762366433738,9.670772446825852,-11.47340202331543,-1.8081610202789307
230,3.5982699394226074,-2.0,-2.0,-1.9963369963369964,-1.9963369963369964,0.579,0.339,0.37681752355911835,0.15036721925724053,0.0018044066310868865,-0.00452181028270942,-2.366762366433738,9.670772446825852,-11.462955474853516,-1.8108980655670166
231,3.6150810718536377,-2.0,-2.0,-2.0085470085470085,-1.9963369963369964,0.579,0.339,0.37681752355911835,0.15036721925724053,0.0018044066310868865,-0.00452181028270942,-2.366762366433738,9.670772446825852,-11.46462631225586,-1.8171260356903076
232,3.6233880519866943,-2.0,-2.0,-1.9841269841269842,-1.9963369963369964,0.579,0.339,0.37681752355911835,0.15036721925724053,0.005715126080740112,0.0065689008480569,-2.366762366433738,9.670772446825852,-11.4699125289917,-1.8098735809326172
233,3.6386940479278564,-2.0,-2.0,-1.9963369963369964,-2.0085470085470085,0.579,0.339,0.37681752355911835,0.15036721925724053,0.0018044066310868865,-0.00452181028270942,-2.366762366433738,9.670772446825852,-11.461859703063965,-1.8034718036651611
234,3.658452033996582,-2.0,-2.0,-1.9963369963369964,-1.9963369963369964,0.579,0.339,0.37681752355911835,0.15036721925724053,0.0037198610554068333,0.0009103747609312265,-2.366762366433738,9.670772446825852,-11.47301197052002,-1.8094110488891602
235,3.6777379512786865,-2.0,-2.0,-2.0085470085470085,-1.9963369963369964,0.579,0.339,0.37681752355911835,0.15036721925724053,0.0037198610554068333,0.0009103747609312265,-2.366762366433738,9.670772446825852,-11.463126182556152,-1.8156359195709229
236,3.6963911056518555,-2.0,-2.0,-2.0085470085470085,-2.0085470085470085,0.579,0.339,0.37681752355911835,0.15036721925724053,0.0037198610554068333,0.0009103747609312265,-2.366762366433738,9.670772446825852,-11.465161323547363,-1.813094139099121
237,3.714340925216675,-2.0,-2.0,-1.9963369963369964,-1.9963369963369964,0.579,0.339,0.37681752355911835,0.15036721925724053,0.0037198610554068333,0.0009103747609312265,-2.366762366433738,9.670772446825852,-11.465312957763672,-1.7992002964019775
238,3.731459140777588,-2.0,-2.0,-1.9963369963369964,-1.9841269841269842,0.579,0.339,0.37681752355911835,0.15036721925724053,0.0018044066310868865,-0.00452181028270942,-2.366762366433738,9.670772446825852,-11.46516227722168,-1.8097808361053467
239,3.748331069946289,-2.0,-2.0,-1.9963369963369964,-1.9841269841269842,0.579,0.339,0.37681752355911835,0.15036721925724053,0.009474306562171124,-0.002851537240921058,-2.366762366433738,9.670772446825852,-11.462373733520508,-1.8099079132080078
240,3.764662027359009,-2.0,-2.0,-2.0085470085470085,-1.9963369963369964,0.579,0.339,0.37681752355911835,0.15036721925724053,0.009474306562171124,-0.002851537240921058,-2.366762366433738,9.670772446825852,-11.466344833374023,-1.8179643154144287
241,3.7781970500946045,-2.0,-2.0,-1.9963369963369964,-1.9841269841269842,0.579,0.339,0.37681752355911835,0.15036721925724053,0.005715126080740112,0.0065689008480569,-2.366762366433738,9.670772446825852,-11.458988189697266,-1.8008298873901367
242,3.796565055847168,-2.0,-2.0,-1.9963369963369964,-1.9963369963369964,0.579,0.339,0.37681752355911835,0.15036721925724053,0.0114695715875044,0.002806988846204615,-2.366762366433738,9.670772446825852,-11.465287208557129,-1.808842420578003
243,3.8146300315856934,-2.0,-2.0,-2.0085470085470085,-1.9841269841269842,0.579,0.339,0.37681752355911835,0.15036721925724053,0.00019085839424639152,0.010180336369835093,-2.366762366433738,9.670772446825852,-11.465964317321777,-1.8094537258148193
244,3.8315720558166504,-2.0,-2.0,-2.0085470085470085,-1.9963369963369964,0.579,0.339,0.37681752355911835,0.15036721925724053,0.0018044066310868865,-0.00452181028270942,-2.366762366433738,9.670772446825852,-11.461080551147461,-1.8166835308074951
245,3.8395800590515137,-2.0,-2.0,-2.0085470085470085,-2.0085470085470085,0.579,0.339,0.37681752355911835,0.15036721925724053,0.0037198610554068333,0.0009103747609312265,-2.366762366433738,9.670772446825852,-11.468378067016602,-1.8070802688598633
246,3.85575795173645,-2.0,-2.0,-1.9963369963369964,-1.9963369963369964,0.579,0.339,0.37681752355911835,0.15036721925724053,0.0037198610554068333,0.0009103747609312265,-2.366762366433738,9.670772446825852,-11.45718765258789,-1.8058958053588867
247,3.8710861206054688,-2.0,-2.0,-2.0085470085470085,-1.9963369963369964,0.579,0.339,0.37681752355911835,0.15036721925724053,0.005715126080740112,0.0065689008480569,-2.366762366433738,9.670772446825852,-11.462627410888672,-1.8166935443878174
248,3.881182909011841,-2.0,-2.0,-2.0085470085470085,-1.9963369963369964,0.579,0.339,0.37681752355911835,0.15036721925724053,0.0037198610554068333,0.0009103747609312265,-2.366762366433738,9.670772446825852,-11.466068267822266,-1.812814712524414
249,3.8891971111297607,-2.0,-2.0,-2.0085470085470085,-1.9963369963369964,0.579,0.339,0.37681752355911835,0.15036721925724053,0.0037198610554068333,0.0009103747609312265,-2.366762366433738,9.670772446825852,-11.460062980651855,-1.8092710971832275
250,3.9126219749450684,-2.0,-2.0,-2.0085470085470085,-1.9963369963369964,0.579,0.339,0.37681752355911835,0.15036721925724053,0.0037198610554068333,0.0009103747609312265,-2.366762366433738,9.670772446825852,-11.462725639343262,-1.801969289779663
251,3.9313600063323975,-2.0,-2.0,-1.9963369963369964,-1.9963369963369964,0.579,0.339,0.37681752355911835,0.15036721925724053,0.0037198610554068333,0.0009103747609312265,-2.366762366433738,9.670772446825852,-11.46383285522461,-1.8155982494354248
252,3.9480020999908447,-2.0,-2.0,-1.9963369963369964,-1.9841269841269842,0.579,0.339,0.37681752355911835,0.15036721925724053,0.0037198610554068333,0.0009103747609312265,-2.366762366433738,9.670772446825852,-11.455476760864258,-1.8118314743041992
253,3.956357955932617,-2.0,-2.0,-1.9963369963369964,-1.9963369963369964,0.579,0.339,0.37681752355911835,0.15036721925724053,0.0037198610554068333,0.0009103747609312265,-2.366762366433738,9.670772446825852,-11.464437484741211,-1.8121073246002197
254,3.97891902923584,-2.0,-2.0,-1.9963369963369964,-1.9963369963369964,0.579,0.339,0.37681752355911835,0.15036721925724053,0.0037198610554068333,0.0009103747609312265,-2.366762366433738,9.670772446825852,-11.457569122314453,-1.8028130531311035
255,3.997483968734741,-2.0,-2.0,-2.0085470085470085,-1.9963369963369964,0.579,0.339,0.37681752355911835,0.15036721925724053,-0.0037198610554068333,-0.0009103747609312265,-2.366762366433738,9.670772446825852,-11.453226089477539,-1.8075454235076904
256,4.014761924743652,-2.0,-2.0,-2.0085470085470085,-1.9963369963369964,0.579,0.339,0.37681752355911835,0.15036721925724053,-0.0018044066310868865,0.00452181028270942,-2.366762366433738,9.670772446825852,-11.467299461364746,-1.8173129558563232
257,4.031152009963989,-2.0,-2.0,-2.0085470085470085,-1.9963369963369964,0.579,0.339,0.37681752355911835,0.15036721925724053,0.0037198610554068333,0.0009103747609312265,-2.366762366433738,9.670772446825852,-11.46078872680664,-1.8137743473052979
258,4.0482261180877686,-2.0,-2.0,-2.0085470085470085,-1.9841269841269842,0.579,0.339,0.37681752355911835,0.15036721925724053,0.0037198610554068333,0.0009103747609312265,-2.366762366433738,9.670772446825852,-11.451745986938477,-1.8024003505706787
259,4.064563989639282,-2.0,-2.0,-2.0085470085470085,-1.9841269841269842,0.579,0.339,0.37681752355911835,0.15036721925724053,0.0018044066310868865,-0.00452181028270942,-2.366762366433738,9.670772446825852,-11.465686798095703,-1.8079273700714111
260,4.081411123275757,-2.0,-2.0,-1.9963369963369964,-1.9841269841269842,0.579,0.339,0.37681752355911835,0.15036721925724053,0.0018044066310868865,-0.00452181028270942,-2.366762366433738,9.670772446825852,-11.456987380981445,-1.8095808029174805
261,4.097820043563843,-2.0,-2.0,-1.9963369963369964,-1.9841269841269842,0.579,0.339,0.37681752355911835,0.15036721925724053,0.0018044066310868865,-0.00452181028270942,-2.366762366433738,9.670772446825852,-11.460668563842773,-1.8165926933288574
262,4.113171100616455,-2.0,-2.0,-1.9963369963369964,-1.9841269841269842,0.579,0.339,0.37681752355911835,0.15036721925724053,0.0037198610554068333,0.0009103747609312265,-2.366762366433738,9.670772446825852,-11.461612701416016,-1.8025634288787842
263,4.116312026977539,-2.0,-2.0,-1.9963369963369964,-1.9841269841269842,0.579,0.339,0.37681752355911835,0.15036721925724053,0.009474306562171124,-0.002851537240921058,-2.366762366433738,9.670772446825852,-11.451130867004395,-1.80649733543396
264,4.131067991256714,-2.0,-2.0,-2.0085470085470085,-1.9841269841269842,0.579,0.339,0.37681752355911835,0.15036721925724053,0.0018044066310868865,-0.00452181028270942,-2.366762366433738,9.670772446825852,-11.463338851928711,-1.8160851001739502
265,4.139089107513428,-2.0,-2.0,-2.0085470085470085,-1.9841269841269842,0.579,0.339,0.37681752355911835,0.15036721925724053,0.0037198610554068333,0.0009103747609312265,-2.366762366433738,9.670772446825852,-11.45853328704834,-1.8109242916107178
266,4.162873983383179,-2.0,-2.0,-1.9963369963369964,-1.9841269841269842,0.579,0.339,0.37681752355911835,0.15036721925724053,0.0037198610554068333,0.0009103747609312265,-2.366762366433738,9.670772446825852,-11.453046798706055,-1.8093509674072266
267,4.171611070632935,-2.0,-2.0,-2.0085470085470085,-1.9841269841269842,0.579,0.339,0.37681752355911835,0.15036721925724053,0.0018044066310868865,-0.00452181028270942,-2.366762366433738,9.670772446825852,-11.458267211914062,-1.7992844581604004
268,4.18701696395874,-2.0,-2.0,-1.9963369963369964,-1.9963369963369964,0.579,0.339,0.37681752355911835,0.15036721925724053,0.0037198610554068333,0.0009103747609312265,-2.366762366433738,9.670772446825852,-11.462672233581543,-1.816831111907959
269,4.1980321407318115,-2.0,-2.0,-1.9841269841269842,-1.9841269841269842,0.579,0.339,0.37681752355911835,0.15036721925724053,0.0018044066310868865,-0.00452181028270942,-2.366762366433738,9.670772446825852,-11.457366943359375,-1.8091914653778076
270,4.213602066040039,-2.0,-2.0,-2.0085470085470085,-1.971916971916972,0.579,0.339,0.37681752355911835,0.15036721925724053,0.0037198610554068333,0.0009103747609312265,-2.366762366433738,9.670772446825852,-11.454498291015625,-1.8178539276123047
271,4.231306076049805,-2.0,-2.0,-2.0085470085470085,-1.9963369963369964,0.579,0.339,0.37681752355911835,0.15036721925724053,0.005715126080740112,0.0065689008480569,-2.366762366433738,9.670772446825852,-11.452463150024414,-1.7997591495513916
272,4.247761964797974,-2.0,-2.0,-2.0085470085470085,-1.971916971916972,0.579,0.339,0.37681752355911835,0.15036721925724053,0.00019085839424639152,0.010180336369835093,-2.366762366433738,9.670772446825852,-11.456573486328125,-1.8068935871124268
273,4.278832912445068,-2.0,-2.0,-2.0085470085470085,-2.0085470085470085,0.579,0.339,0.37681752355911835,0.15036721925724053,-0.0018044066310868865,0.00452181028270942,-2.366762366433738,9.670772446825852,-11.455322265625,-1.8148796558380127
274,4.287194013595581,-2.0,-2.0,-1.9963369963369964,-1.9841269841269842,0.579,0.339,0.37681752355911835,0.15036721925724053,0.0037198610554068333,0.0009103747609312265,-2.366762366433738,9.670772446825852,-11.459692001342773,-1.8076598644256592
275,4.297492980957031,-2.0,-2.0,-1.9963369963369964,-1.971916971916972,0.579,0.339,0.37681752355911835,0.15036721925724053,0.0037198610554068333,0.0009103747609312265,-2.366762366433738,9.670772446825852,-11.449962615966797,-1.806210994720459
276,4.31427001953125,-2.0,-2.0,-2.0085470085470085,-1.9963369963369964,0.579,0.339,0.37681752355911835,0.15036721925724053,0.0037198610554068333,0.0009103747609312265,-2.366762366433738,9.670772446825852,-11.46030044555664,-1.8068656921386719
277,4.330968141555786,-2.0,-2.0,-2.0085470085470085,-1.9963369963369964,0.579,0.339,0.37681752355911835,0.15036721925724053,0.0037198610554068333,0.0009103747609312265,-2.366762366433738,9.670772446825852,-11.458586692810059,-1.8130805492401123
278,4.346606016159058,-2.0,-2.0,-1.9963369963369964,-1.9963369963369964,0.579,0.339,0.37681752355911835,0.15036721925724053,0.0037198610554068333,0.0009103747609312265,-2.366762366433738,9.670772446825852,-11.454096794128418,-1.8090076446533203
279,4.364452123641968,-2.0,-2.0,-1.9963369963369964,-1.9963369963369964,0.579,0.339,0.37681752355911835,0.15036721925724053,0.0037198610554068333,0.0009103747609312265,-2.366762366433738,9.670772446825852,-11.455078125,-1.8073148727416992
280,4.372745037078857,-2.0,-2.0,-2.0085470085470085,-2.0085470085470085,0.579,0.339,0.37681752355911835,0.15036721925724053,-0.0037198610554068333,-0.0009103747609312265,-2.366762366433738,9.670772446825852,-11.453584671020508,-1.800532341003418
281,4.388209104537964,-2.0,-2.0,-2.0085470085470085,-1.9963369963369964,0.579,0.339,0.37681752355911835,0.15036721925724053,0.0018044066310868865,-0.00452181028270942,-2.366762366433738,9.670772446825852,-11.45170783996582,-1.8153367042541504
282,4.403991937637329,-2.0,-2.0,-2.0085470085470085,-2.0085470085470085,0.579,0.339,0.37681752355911835,0.15036721925724053,0.009474306562171124,-0.002851537240921058,-2.366762366433738,9.670772446825852,-11.459585189819336,-1.8132719993591309
283,4.424601078033447,-2.0,-2.0,-2.0085470085470085,-1.9841269841269842,0.579,0.339,0.37681752355911835,0.15036721925724053,0.005715126080740112,0.0065689008480569,-2.366762366433738,9.670772446825852,-11.452701568603516,-1.8035786151885986
284,4.43272590637207,-2.0,-2.0,-2.0085470085470085,-1.9841269841269842,0.579,0.339,0.37681752355911835,0.15036721925724053,0.0037198610554068333,0.0009103747609312265,-2.366762366433738,9.670772446825852,-11.449247360229492,-1.8070943355560303
285,4.448588132858276,-2.0,-2.0,-1.9963369963369964,-1.9963369963369964,0.579,0.339,0.37681752355911835,0.15036721925724053,0.0037198610554068333,0.0009103747609312265,-2.366762366433738,9.670772446825852,-11.458065032958984,-1.8104772567749023
286,4.464446067810059,-2.0,-2.0,-2.0085470085470085,-1.971916971916972,0.579,0.339,0.37681752355911835,0.15036721925724053,-0.005715126080740112,-0.0065689008480569,-2.366762366433738,9.670772446825852,-11.449380874633789,-1.815474271774292
287,4.4878339767456055,-2.0,-2.0,-1.9963369963369964,-1.9963369963369964,0.579,0.339,0.37681752355911835,0.15036721925724053,0.009474306562171124,-0.002851537240921058,-2.366762366433738,9.670772446825852,-11.45451831817627,-1.8048985004425049
288,4.503777980804443,-2.0,-2.0,-2.0085470085470085,-1.9841269841269842,0.579,0.339,0.37681752355911835,0.15036721925724053,0.005715126080740112,0.0065689008480569,-2.366762366433738,9.670772446825852,-11.451896667480469,-1.8010022640228271
289,4.512056112289429,-2.0,-2.0,-1.9963369963369964,-1.9963369963369964,0.579,0.339,0.37681752355911835,0.15036721925724053,0.0018044066310868865,-0.00452181028270942,-2.366762366433738,9.670772446825852,-11.449753761291504,-1.8052153587341309
290,4.530426025390625,-2.0,-2.0,-2.0085470085470085,-1.9963369963369964,0.579,0.339,0.37681752355911835,0.15036721925724053,0.0018044066310868865,-0.00452181028270942,-2.366762366433738,9.670772446825852,-11.455894470214844,-1.8164169788360596
291,4.54723596572876,-2.0,-2.0,-1.9963369963369964,-1.9841269841269842,0.579,0.339,0.37681752355911835,0.15036721925724053,0.0114695715875044,0.002806988846204615,-2.366762366433738,9.670772446825852,-11.450167655944824,-1.8108015060424805
292,4.563086032867432,-2.0,-2.0,-1.9963369963369964,-1.9963369963369964,0.579,0.339,0.37681752355911835,0.15036721925724053,0.0114695715875044,0.002806988846204615,-2.366762366433738,9.670772446825852,-11.452329635620117,-1.8008453845977783
293,4.5808610916137695,-2.0,-2.0,-1.9963369963369964,-1.9963369963369964,0.579,0.339,0.37681752355911835,0.15036721925724053,0.009474306562171124,-0.002851537240921058,-2.366762366433738,9.670772446825852,-11.453444480895996,-1.8076260089874268
294,4.597496032714844,-2.0,-2.0,-2.0085470085470085,-1.9963369963369964,0.579,0.339,0.37681752355911835,0.15036721925724053,0.009474306562171124,-0.002851537240921058,-2.366762366433738,9.670772446825852,-11.44925308227539,-1.8143212795257568
295,4.613240003585815,-2.0,-2.0,-1.9963369963369964,-1.9841269841269842,0.579,0.339,0.37681752355911835,0.15036721925724053,0.0018044066310868865,-0.00452181028270942,-2.366762366433738,9.670772446825852,-11.452014923095703,-1.809044599533081
296,4.630934953689575,-2.0,-2.0,-2.0085470085470085,-1.9841269841269842,0.579,0.339,0.37681752355911835,0.15036721925724053,0.0037198610554068333,0.0009103747609312265,-2.366762366433738,9.670772446825852,-11.448141098022461,-1.8041019439697266
297,4.64728307723999,-2.0,-2.0,-2.0085470085470085,-1.9963369963369964,0.579,0.339,0.37681752355911835,0.15036721925724053,0.0037198610554068333,0.0009103747609312265,-2.366762366433738,9.670772446825852,-11.451868057250977,-1.8067760467529297
298,4.6624510288238525,-2.0,-2.0,-1.9963369963369964,-1.9841269841269842,0.579,0.339,0.37681752355911835,0.15036721925724053,0.0037198610554068333,0.0009103747609312265,-2.366762366433738,9.670772446825852,-11.448813438415527,-1.810617208480835
299,4.670619010925293,-2.0,-2.0,-2.0085470085470085,-1.9597069597069599,0.579,0.339,0.37681752355911835,0.15036721925724053,0.0114695715875044,0.002806988846204615,-2.366762366433738,9.670772446825852,-11.450384140014648,-1.8071420192718506
300,4.695436000823975,-2.0,-2.0,-1.9963369963369964,-1.9841269841269842,0.579,0.339,0.37681752355911835,0.15036721925724053,0.0037198610554068333,0.0009103747609312265,-2.366762366433738,9.670772446825852,-11.451095581054688,-1.8044219017028809
301,4.714216947555542,-2.0,-2.0,-1.9963369963369964,-2.0085470085470085,0.579,0.339,0.37681752355911835,0.15036721925724053,0.005715126080740112,0.0065689008480569,-2.366762366433738,9.670772446825852,-11.444819450378418,-1.8068900108337402
302,4.725770950317383,-2.0,-2.0,-2.0085470085470085,-1.9963369963369964,0.579,0.339,0.37681752355911835,0.15036721925724053,0.0037198610554068333,0.0009103747609312265,-2.366762366433738,9.670772446825852,-11.44931697845459,-1.8104493618011475
303,4.744991064071655,-2.0,-2.0,-2.0085470085470085,-1.9963369963369964,0.579,0.339,0.37681752355911835,0.15036721925724053,0.0037198610554068333,0.0009103747609312265,-2.366762366433738,9.670772446825852,-11.453283309936523,-1.8125946521759033
304,4.753303050994873,-2.0,-2.0,-1.9963369963369964,-1.971916971916972,0.579,0.339,0.37681752355911835,0.15036721925724053,0.009474306562171124,-0.002851537240921058,-2.366762366433738,9.670772446825852,-11.444535255432129,-1.8007934093475342
305,4.768620014190674,-2.0,-2.0,-1.9963369963369964,-1.9963369963369964,0.579,0.339,0.37681752355911835,0.15036721925724053,0.0018044066310868865,-0.00452181028270942,-2.366762366433738,9.670772446825852,-11.448476791381836,-1.8066086769104004
306,4.7842490673065186,-2.0,-2.0,-2.0085470085470085,-2.0207570207570207,0.579,0.339,0.37681752355911835,0.15036721925724053,0.0037198610554068333,0.0009103747609312265,-2.366762366433738,9.670772446825852,-11.448274612426758,-1.8052690029144287
307,4.797105073928833,-2.0,-2.0,-2.0085470085470085,-1.9963369963369964,0.579,0.339,0.37681752355911835,0.15036721925724053,0.0037198610554068333,0.0009103747609312265,-2.366762366433738,9.670772446825852,-11.447271347045898,-1.8109593391418457
308,4.812194108963013,-2.0,-2.0,-2.0085470085470085,-1.9963369963369964,0.579,0.339,0.37681752355911835,0.15036721925724053,0.005715126080740112,0.0065689008480569,-2.366762366433738,9.670772446825852,-11.450575828552246,-1.8102786540985107
309,4.835781097412109,-2.0,-2.0,-1.9963369963369964,-1.9841269841269842,0.579,0.339,0.37681752355911835,0.15036721925724053,0.0037198610554068333,0.0009103747609312265,-2.366762366433738,9.670772446825852,-11.447803497314453,-1.8031957149505615
310,4.847320079803467,-2.0,-2.0,-1.9841269841269842,-1.9841269841269842,0.579,0.339,0.37681752355911835,0.15036721925724053,0.0037198610554068333,0.0009103747609312265,-2.366762366433738,9.670772446825852,-11.448562622070312,-1.8073127269744873
311,4.862561941146851,-2.0,-2.0,-2.0085470085470085,-1.9841269841269842,0.579,0.339,0.37681752355911835,0.15036721925724053,0.0037198610554068333,0.0009103747609312265,-2.366762366433738,9.670772446825852,-11.448371887207031,-1.8082847595214844
312,4.870428085327148,-2.0,-2.0,-1.9963369963369964,-1.971916971916972,0.579,0.339,0.37681752355911835,0.15036721925724053,0.0037198610554068333,0.0009103747609312265,-2.366762366433738,9.670772446825852,-11.448980331420898,-1.806598424911499
313,4.885623931884766,-2.0,-2.0,-1.9963369963369964,-1.9841269841269842,0.579,0.339,0.37681752355911835,0.15036721925724053,0.0037198610554068333,0.0009103747609312265,-2.366762366433738,9.670772446825852,-11.442333221435547,-1.8024568557739258
314,4.911798000335693,-2.0,-2.0,-2.0085470085470085,-1.9963369963369964,0.579,0.339,0.37681752355911835,0.15036721925724053,0.005715126080740112,0.0065689008480569,-2.366762366433738,9.670772446825852,-11.44411849975586,-1.8098368644714355
315,4.919620990753174,-2.0,-2.0,-2.0085470085470085,-1.9963369963369964,0.579,0.339,0.37681752355911835,0.15036721925724053,0.005715126080740112,0.0065689008480569,-2.366762366433738,9.670772446825852,-11.451591491699219,-1.809105634689331
316,4.947309970855713,-2.0,-2.0,-1.9963369963369964,-1.9963369963369964,0.579,0.338,0.3768972209763176,0.15059360016829923,0.005706749987030939,0.006571849652493272,-2.369829824885927,9.666080278987076,-11.437790870666504,-1.8042011260986328
317,4.963680028915405,-2.0,-2.0,-2.0085470085470085,-1.9963369963369964,0.579,0.338,0.3768972209763176,0.15059360016829923,0.00018248230053721955,0.010183285174271466,-2.369829824885927,9.666080278987076,-11.450956344604492,-1.8070085048675537
318,4.978857040405273,-2.0,-2.0,-2.0085470085470085,-1.9963369963369964,0.579,0.339,0.37681752355911835,0.15036721925724053,0.005715126080740112,0.0065689008480569,-2.366762366433738,9.670772446825852,-11.444411277770996,-1.8019118309020996
319,4.9972710609436035,-2.0,-2.0,-2.0085470085470085,-2.0085470085470085,0.579,0.339,0.37681752355911835,0.15036721925724053,0.0037198610554068333,0.0009103747609312265,-2.366762366433738,9.670772446825852,-11.444771766662598,-1.8097434043884277
